{"nbformat":4,"nbformat_minor":0,"metadata":{"colab":{"name":"Boston_House.ipynb","provenance":[],"collapsed_sections":[],"mount_file_id":"11y-btPDalXUZbzM2_uWdK3G7aZqVKDyz","authorship_tag":"ABX9TyNsB3RTEm8cBVMgxaG9Pfuk"},"kernelspec":{"display_name":"Python 3","name":"python3"}},"cells":[{"cell_type":"markdown","metadata":{"id":"VZKj9F-ANY-2"},"source":[""]},{"cell_type":"code","metadata":{"id":"T_75W9POI2-K","executionInfo":{"status":"ok","timestamp":1612712618487,"user_tz":-60,"elapsed":1715,"user":{"displayName":"KHOUDIA MBODJI","photoUrl":"https://lh3.googleusercontent.com/a-/AOh14GjNGP8Ejmbw4bSL5drLQlC8b-O6SskI0bePi43-vwY=s64","userId":"11974894229671874343"}}},"source":["#Programmez une fonction regression(X, Y) qui renvoie l’estimateur des moindre carrés.\r\n","#Utiliser votre fonction de régression sur le jeu de données Boston House Prices (à charger avec\r\n","#la fonction datasets.load boston(). Comparez les vecteurs αˆ et βˆ renvoyés par votre fonction\r\n","#avec les attributs coef_ et intercept_ d’un régresseur "],"execution_count":139,"outputs":[]},{"cell_type":"code","metadata":{"id":"_lc4QRpaU6OQ","executionInfo":{"status":"ok","timestamp":1612712635913,"user_tz":-60,"elapsed":1017,"user":{"displayName":"KHOUDIA MBODJI","photoUrl":"https://lh3.googleusercontent.com/a-/AOh14GjNGP8Ejmbw4bSL5drLQlC8b-O6SskI0bePi43-vwY=s64","userId":"11974894229671874343"}}},"source":["#IMPORTATIOn DES bIbLIOTEQUES\r\n","import numpy as np\r\n","import pandas as pd\r\n","from sklearn import linear_model\r\n","from sklearn.model_selection import train_test_split\r\n","from sklearn.model_selection import GridSearchCV\r\n","from sklearn.model_selection import cross_val_score \r\n","from sklearn.model_selection import validation_curve\r\n","from sklearn.metrics import mean_squared_error\r\n","import matplotlib.pyplot as plt\r\n","from sklearn.datasets import load_boston\r\n","from sklearn import datasets\r\n"],"execution_count":141,"outputs":[]},{"cell_type":"code","metadata":{"id":"_SJUpJm_VmnO","executionInfo":{"status":"ok","timestamp":1612712642024,"user_tz":-60,"elapsed":902,"user":{"displayName":"KHOUDIA MBODJI","photoUrl":"https://lh3.googleusercontent.com/a-/AOh14GjNGP8Ejmbw4bSL5drLQlC8b-O6SskI0bePi43-vwY=s64","userId":"11974894229671874343"}}},"source":["#Chargement des données\r\n","(X,y)=datasets.load_boston(return_X_y=True)\r\n"],"execution_count":142,"outputs":[]},{"cell_type":"code","metadata":{"id":"5OJPIMqmWTPr","executionInfo":{"status":"ok","timestamp":1612712657577,"user_tz":-60,"elapsed":1423,"user":{"displayName":"KHOUDIA MBODJI","photoUrl":"https://lh3.googleusercontent.com/a-/AOh14GjNGP8Ejmbw4bSL5drLQlC8b-O6SskI0bePi43-vwY=s64","userId":"11974894229671874343"}}},"source":["#visualiser les features\r\n","columns = datasets.load_boston().feature_names\r\n","#On VA ASSOCIER A LA MATRICE X laconne p+1\r\n","X = np.c_[X, np.ones(X.shape[0])]"],"execution_count":143,"outputs":[]},{"cell_type":"code","metadata":{"id":"gtHMiezyxwuw","executionInfo":{"status":"ok","timestamp":1612712660044,"user_tz":-60,"elapsed":950,"user":{"displayName":"KHOUDIA MBODJI","photoUrl":"https://lh3.googleusercontent.com/a-/AOh14GjNGP8Ejmbw4bSL5drLQlC8b-O6SskI0bePi43-vwY=s64","userId":"11974894229671874343"}}},"source":["# Approche ensemble de test (ou de validation)\r\n","X_train,X_test,y_train,y_test=train_test_split(X,y,test_size=0.2,random_state=42)"],"execution_count":144,"outputs":[]},{"cell_type":"code","metadata":{"id":"2njDQqYayhHy","executionInfo":{"status":"ok","timestamp":1612712665054,"user_tz":-60,"elapsed":1635,"user":{"displayName":"KHOUDIA MBODJI","photoUrl":"https://lh3.googleusercontent.com/a-/AOh14GjNGP8Ejmbw4bSL5drLQlC8b-O6SskI0bePi43-vwY=s64","userId":"11974894229671874343"}}},"source":["#LA REGRESSIOn QUI VA DOnner L'ESTIMATIOn DES MOInDRES CARRES\r\n","\r\n","titi= np.linalg.pinv(np.dot(np.transpose(X), X))"],"execution_count":145,"outputs":[]},{"cell_type":"code","metadata":{"colab":{"base_uri":"https://localhost:8080/"},"id":"CZk-a5u528G9","executionInfo":{"status":"ok","timestamp":1612712670217,"user_tz":-60,"elapsed":1160,"user":{"displayName":"KHOUDIA MBODJI","photoUrl":"https://lh3.googleusercontent.com/a-/AOh14GjNGP8Ejmbw4bSL5drLQlC8b-O6SskI0bePi43-vwY=s64","userId":"11974894229671874343"}},"outputId":"a1260891-d300-48df-c128-722e3ecab01b"},"source":["titi"],"execution_count":146,"outputs":[{"output_type":"execute_result","data":{"text/plain":["array([[ 4.79667291e-05, -1.74622146e-06,  3.33058300e-06,\n","         6.29163676e-05,  3.32353579e-04,  1.60589501e-05,\n","        -6.44104667e-08,  3.40052584e-05, -2.58500572e-05,\n","         6.50408184e-08,  3.99960618e-06,  4.60269987e-07,\n","        -1.13029256e-05, -4.79507297e-04],\n","       [-1.74622146e-06,  8.36861245e-06,  3.98676259e-06,\n","        -7.75453928e-06,  8.33368670e-05, -3.96939822e-05,\n","         9.71684642e-07, -4.89624081e-05,  4.27993705e-06,\n","        -5.11685476e-07,  2.48176992e-05, -1.86831132e-08,\n","        -1.64268535e-06, -7.27912374e-05],\n","       [ 3.33058300e-06,  3.98676259e-06,  1.67943163e-04,\n","        -2.42364262e-04, -2.75364026e-03,  1.04925166e-04,\n","        -3.97527513e-08,  1.14987074e-04,  5.04398943e-05,\n","        -4.49769287e-06, -4.64149258e-05,  2.43976935e-07,\n","        -1.05525682e-05,  7.81007312e-04],\n","       [ 6.29163676e-05, -7.75453928e-06, -2.42364262e-04,\n","         3.29658256e-02, -4.90317797e-03, -4.98480956e-04,\n","        -2.56627859e-05,  1.20331081e-04, -2.73145702e-04,\n","         1.74383419e-05,  4.68840845e-04, -5.27318555e-06,\n","         1.15327313e-04, -5.30636011e-03],\n","       [ 3.32353579e-04,  8.33368670e-05, -2.75364026e-03,\n","        -4.90317797e-03,  6.47949909e-01,  6.62608200e-03,\n","        -5.94124576e-04,  9.53889054e-03, -1.59989671e-03,\n","        -4.75854409e-05,  7.31483621e-03,  3.41113655e-05,\n","        -5.91605940e-04, -4.72633728e-01],\n","       [ 1.60589501e-05, -3.96939822e-05,  1.04925166e-04,\n","        -4.98480956e-04,  6.62608200e-03,  7.75657890e-03,\n","        -5.06941561e-05,  4.94416767e-04, -1.94649180e-04,\n","         5.18444533e-06,  3.87223280e-04,  5.22111421e-06,\n","         5.03507223e-04, -6.72009691e-02],\n","       [-6.44104667e-08,  9.71684642e-07, -3.97527513e-08,\n","        -2.56627859e-05, -5.94124576e-04, -5.06941561e-05,\n","         7.74933231e-06,  3.40849783e-05,  2.95027780e-06,\n","        -6.60690922e-08, -6.00107894e-06, -1.00416035e-07,\n","        -1.01485345e-05,  2.52574657e-04],\n","       [ 3.40052584e-05, -4.89624081e-05,  1.14987074e-04,\n","         1.20331081e-04,  9.53889054e-03,  4.94416767e-04,\n","         3.40849783e-05,  1.76669543e-03,  9.31684161e-06,\n","        -6.48448410e-07, -1.08481101e-04,  5.22530772e-07,\n","        -1.72708291e-05, -1.60858766e-02],\n","       [-2.58500572e-05,  4.27993705e-06,  5.04398943e-05,\n","        -2.73145702e-04, -1.59989671e-03, -1.94649180e-04,\n","         2.95027780e-06,  9.31684161e-06,  1.95482659e-04,\n","        -8.73062968e-06, -7.28225351e-05,  5.72701318e-07,\n","        -5.32726251e-06,  4.27955175e-03],\n","       [ 6.50408184e-08, -5.11685476e-07, -4.49769287e-06,\n","         1.74383419e-05, -4.75854409e-05,  5.18444533e-06,\n","        -6.60690922e-08, -6.48448410e-07, -8.73062968e-06,\n","         6.28018720e-07, -1.64870398e-06,  1.19525194e-08,\n","         1.29775169e-07, -9.32179147e-05],\n","       [ 3.99960618e-06,  2.48176992e-05, -4.64149258e-05,\n","         4.68840845e-04,  7.31483621e-03,  3.87223280e-04,\n","        -6.00107894e-06, -1.08481101e-04, -7.28225351e-05,\n","        -1.64870398e-06,  7.60091944e-04, -5.23477904e-07,\n","        -1.33811660e-05, -1.77832398e-02],\n","       [ 4.60269987e-07, -1.86831132e-08,  2.43976935e-07,\n","        -5.27318555e-06,  3.41113655e-05,  5.22111421e-06,\n","        -1.00416035e-07,  5.22530772e-07,  5.72701318e-07,\n","         1.19525194e-08, -5.23477904e-07,  3.20386099e-07,\n","         9.37956817e-07, -1.77463251e-04],\n","       [-1.13029256e-05, -1.64268535e-06, -1.05525682e-05,\n","         1.15327313e-04, -5.91605940e-04,  5.03507223e-04,\n","        -1.01485345e-05, -1.72708291e-05, -5.32726251e-06,\n","         1.29775169e-07, -1.33811660e-05,  9.37956817e-07,\n","         1.14222223e-04, -3.44062107e-03],\n","       [-4.79507297e-04, -7.27912374e-05,  7.81007312e-04,\n","        -5.30636011e-03, -4.72633728e-01, -6.72009691e-02,\n","         2.52574657e-04, -1.60858766e-02,  4.27955175e-03,\n","        -9.32179147e-05, -1.77832398e-02, -1.77463251e-04,\n","        -3.44062107e-03,  1.15665067e+00]])"]},"metadata":{"tags":[]},"execution_count":146}]},{"cell_type":"code","metadata":{"id":"jqx7pRPo2_nh","executionInfo":{"status":"ok","timestamp":1612712684238,"user_tz":-60,"elapsed":897,"user":{"displayName":"KHOUDIA MBODJI","photoUrl":"https://lh3.googleusercontent.com/a-/AOh14GjNGP8Ejmbw4bSL5drLQlC8b-O6SskI0bePi43-vwY=s64","userId":"11974894229671874343"}}},"source":["mama= np.dot(np.transpose(X), y)\r\n","  "],"execution_count":147,"outputs":[]},{"cell_type":"code","metadata":{"colab":{"base_uri":"https://localhost:8080/"},"id":"EGeaFqzx3BsN","executionInfo":{"status":"ok","timestamp":1612712686155,"user_tz":-60,"elapsed":1067,"user":{"displayName":"KHOUDIA MBODJI","photoUrl":"https://lh3.googleusercontent.com/a-/AOh14GjNGP8Ejmbw4bSL5drLQlC8b-O6SskI0bePi43-vwY=s64","userId":"11974894229671874343"}},"outputId":"d332c093-705d-4913-9be8-f0ac0a18654b"},"source":["mama"],"execution_count":148,"outputs":[{"output_type":"execute_result","data":{"text/plain":["array([2.56871037e+04, 1.68607800e+05, 1.11564080e+05, 9.95400000e+02,\n","       6.09442791e+03, 7.39240776e+04, 7.32581140e+05, 4.57138742e+04,\n","       9.34451000e+04, 4.28779760e+06, 2.05316730e+05, 4.20804950e+06,\n","       1.19799159e+05, 1.14016000e+04])"]},"metadata":{"tags":[]},"execution_count":148}]},{"cell_type":"code","metadata":{"id":"q3BIerSK3EBN","executionInfo":{"status":"ok","timestamp":1612712687795,"user_tz":-60,"elapsed":1007,"user":{"displayName":"KHOUDIA MBODJI","photoUrl":"https://lh3.googleusercontent.com/a-/AOh14GjNGP8Ejmbw4bSL5drLQlC8b-O6SskI0bePi43-vwY=s64","userId":"11974894229671874343"}}},"source":["EMCO = np.dot(titi,mama)\r\n","  "],"execution_count":149,"outputs":[]},{"cell_type":"code","metadata":{"colab":{"base_uri":"https://localhost:8080/"},"id":"5ZgPLnUQ3HRB","executionInfo":{"status":"ok","timestamp":1612712689645,"user_tz":-60,"elapsed":1109,"user":{"displayName":"KHOUDIA MBODJI","photoUrl":"https://lh3.googleusercontent.com/a-/AOh14GjNGP8Ejmbw4bSL5drLQlC8b-O6SskI0bePi43-vwY=s64","userId":"11974894229671874343"}},"outputId":"20238313-3d1e-4e0d-c908-a01f003c0f43"},"source":["EMCO"],"execution_count":150,"outputs":[{"output_type":"execute_result","data":{"text/plain":["array([-1.08011358e-01,  4.64204584e-02,  2.05586264e-02,  2.68673382e+00,\n","       -1.77666112e+01,  3.80986521e+00,  6.92224640e-04, -1.47556685e+00,\n","        3.06049479e-01, -1.23345939e-02, -9.52747232e-01,  9.31168327e-03,\n","       -5.24758378e-01,  3.64594884e+01])"]},"metadata":{"tags":[]},"execution_count":150}]},{"cell_type":"code","metadata":{"id":"i-G6XJFq3LXO","executionInfo":{"status":"ok","timestamp":1612712696022,"user_tz":-60,"elapsed":1031,"user":{"displayName":"KHOUDIA MBODJI","photoUrl":"https://lh3.googleusercontent.com/a-/AOh14GjNGP8Ejmbw4bSL5drLQlC8b-O6SskI0bePi43-vwY=s64","userId":"11974894229671874343"}}},"source":["#calcul de Alpha et beta\r\n","alpha_chap = EMCO[:-1]\r\n","beta_chap = EMCO[-1]"],"execution_count":151,"outputs":[]},{"cell_type":"code","metadata":{"colab":{"base_uri":"https://localhost:8080/"},"id":"HY6GcgOG3Rfz","executionInfo":{"status":"ok","timestamp":1612712697480,"user_tz":-60,"elapsed":653,"user":{"displayName":"KHOUDIA MBODJI","photoUrl":"https://lh3.googleusercontent.com/a-/AOh14GjNGP8Ejmbw4bSL5drLQlC8b-O6SskI0bePi43-vwY=s64","userId":"11974894229671874343"}},"outputId":"fcc24ff1-61b8-45ca-ac3a-43374b4a991a"},"source":["alpha_chap"],"execution_count":152,"outputs":[{"output_type":"execute_result","data":{"text/plain":["array([-1.08011358e-01,  4.64204584e-02,  2.05586264e-02,  2.68673382e+00,\n","       -1.77666112e+01,  3.80986521e+00,  6.92224640e-04, -1.47556685e+00,\n","        3.06049479e-01, -1.23345939e-02, -9.52747232e-01,  9.31168327e-03,\n","       -5.24758378e-01])"]},"metadata":{"tags":[]},"execution_count":152}]},{"cell_type":"code","metadata":{"colab":{"base_uri":"https://localhost:8080/"},"id":"tHJfKBQC3Umn","executionInfo":{"status":"ok","timestamp":1612712698953,"user_tz":-60,"elapsed":697,"user":{"displayName":"KHOUDIA MBODJI","photoUrl":"https://lh3.googleusercontent.com/a-/AOh14GjNGP8Ejmbw4bSL5drLQlC8b-O6SskI0bePi43-vwY=s64","userId":"11974894229671874343"}},"outputId":"9c5801d0-8acc-4a19-f6c6-c3e4ca4c3831"},"source":["beta_chap"],"execution_count":153,"outputs":[{"output_type":"execute_result","data":{"text/plain":["36.45948838510776"]},"metadata":{"tags":[]},"execution_count":153}]},{"cell_type":"code","metadata":{"id":"gFdU_iVN0F7h","executionInfo":{"status":"ok","timestamp":1612712700559,"user_tz":-60,"elapsed":753,"user":{"displayName":"KHOUDIA MBODJI","photoUrl":"https://lh3.googleusercontent.com/a-/AOh14GjNGP8Ejmbw4bSL5drLQlC8b-O6SskI0bePi43-vwY=s64","userId":"11974894229671874343"}}},"source":["#alpha_chapeau, beta_chapeau = regression(X, y)"],"execution_count":154,"outputs":[]},{"cell_type":"code","metadata":{"colab":{"base_uri":"https://localhost:8080/"},"id":"BydSaRID6MR0","executionInfo":{"status":"ok","timestamp":1612712704445,"user_tz":-60,"elapsed":1342,"user":{"displayName":"KHOUDIA MBODJI","photoUrl":"https://lh3.googleusercontent.com/a-/AOh14GjNGP8Ejmbw4bSL5drLQlC8b-O6SskI0bePi43-vwY=s64","userId":"11974894229671874343"}},"outputId":"db252993-6c15-4f52-d556-e87170b7d7d2"},"source":["#creation du modele\r\n","#on utilise le module sklearn.linear_model\r\n","\r\n","regr = linear_model.LinearRegression()\r\n","#\r\n","regr.fit(X, y)\r\n"],"execution_count":155,"outputs":[{"output_type":"execute_result","data":{"text/plain":["LinearRegression(copy_X=True, fit_intercept=True, n_jobs=None, normalize=False)"]},"metadata":{"tags":[]},"execution_count":155}]},{"cell_type":"code","metadata":{"colab":{"base_uri":"https://localhost:8080/"},"id":"e3jUd0rszoLf","executionInfo":{"status":"ok","timestamp":1612712712844,"user_tz":-60,"elapsed":1675,"user":{"displayName":"KHOUDIA MBODJI","photoUrl":"https://lh3.googleusercontent.com/a-/AOh14GjNGP8Ejmbw4bSL5drLQlC8b-O6SskI0bePi43-vwY=s64","userId":"11974894229671874343"}},"outputId":"d56c756e-c873-47d4-fa2e-d286b68491c3"},"source":["#on affiche la valeur de alpha chap \r\n","print(f'alpha chap : {alpha_chap}\\n-----------------------------------------------------------------------\\n')\r\n","\r\n","\r\n"],"execution_count":156,"outputs":[{"output_type":"stream","text":["alpha chap : [-1.08011358e-01  4.64204584e-02  2.05586264e-02  2.68673382e+00\n"," -1.77666112e+01  3.80986521e+00  6.92224640e-04 -1.47556685e+00\n","  3.06049479e-01 -1.23345939e-02 -9.52747232e-01  9.31168327e-03\n"," -5.24758378e-01]\n","-----------------------------------------------------------------------\n","\n"],"name":"stdout"}]},{"cell_type":"code","metadata":{"colab":{"base_uri":"https://localhost:8080/"},"id":"CmMMJEX2zb1Y","executionInfo":{"status":"ok","timestamp":1612712735631,"user_tz":-60,"elapsed":1600,"user":{"displayName":"KHOUDIA MBODJI","photoUrl":"https://lh3.googleusercontent.com/a-/AOh14GjNGP8Ejmbw4bSL5drLQlC8b-O6SskI0bePi43-vwY=s64","userId":"11974894229671874343"}},"outputId":"11a82874-3f33-45e0-cd5c-8f930f6e46ab"},"source":["#on affiche la valeur debeta_chap\r\n","\r\n","print(f'beta chapeau : {beta_chap}\\n-----------------------------------------------------------------------\\n')\r\n"],"execution_count":157,"outputs":[{"output_type":"stream","text":["beta chapeau : 36.45948838510776\n","-----------------------------------------------------------------------\n","\n"],"name":"stdout"}]},{"cell_type":"code","metadata":{"colab":{"base_uri":"https://localhost:8080/"},"id":"eSfm575c0OaD","executionInfo":{"status":"ok","timestamp":1612712763070,"user_tz":-60,"elapsed":1071,"user":{"displayName":"KHOUDIA MBODJI","photoUrl":"https://lh3.googleusercontent.com/a-/AOh14GjNGP8Ejmbw4bSL5drLQlC8b-O6SskI0bePi43-vwY=s64","userId":"11974894229671874343"}},"outputId":"d47a0a30-0172-49d5-b01b-c6ff14538eb1"},"source":["print(f'Coef_ : {regr.coef_}\\n-----------------------------------------------------------------------\\n')"],"execution_count":159,"outputs":[{"output_type":"stream","text":["Coef_ : [-1.08011358e-01  4.64204584e-02  2.05586264e-02  2.68673382e+00\n"," -1.77666112e+01  3.80986521e+00  6.92224640e-04 -1.47556685e+00\n","  3.06049479e-01 -1.23345939e-02 -9.52747232e-01  9.31168327e-03\n"," -5.24758378e-01  0.00000000e+00]\n","-----------------------------------------------------------------------\n","\n"],"name":"stdout"}]},{"cell_type":"code","metadata":{"colab":{"base_uri":"https://localhost:8080/"},"id":"8kl7m0vR0vOp","executionInfo":{"status":"ok","timestamp":1612712764664,"user_tz":-60,"elapsed":877,"user":{"displayName":"KHOUDIA MBODJI","photoUrl":"https://lh3.googleusercontent.com/a-/AOh14GjNGP8Ejmbw4bSL5drLQlC8b-O6SskI0bePi43-vwY=s64","userId":"11974894229671874343"}},"outputId":"85f3f853-b357-46f9-b85b-651d2720f10d"},"source":["print(f'Intercept_ : {regr.intercept_}')"],"execution_count":160,"outputs":[{"output_type":"stream","text":["Intercept_ : 36.45948838508999\n"],"name":"stdout"}]},{"cell_type":"code","metadata":{"id":"yxG6w3N90h4w","executionInfo":{"status":"ok","timestamp":1612712766150,"user_tz":-60,"elapsed":777,"user":{"displayName":"KHOUDIA MBODJI","photoUrl":"https://lh3.googleusercontent.com/a-/AOh14GjNGP8Ejmbw4bSL5drLQlC8b-O6SskI0bePi43-vwY=s64","userId":"11974894229671874343"}}},"source":["#comparaisons:on voit qu'on a les memes valeurs de alpha"],"execution_count":161,"outputs":[]},{"cell_type":"code","metadata":{"id":"hoTbddGi1GPH","executionInfo":{"status":"ok","timestamp":1612712767739,"user_tz":-60,"elapsed":1026,"user":{"displayName":"KHOUDIA MBODJI","photoUrl":"https://lh3.googleusercontent.com/a-/AOh14GjNGP8Ejmbw4bSL5drLQlC8b-O6SskI0bePi43-vwY=s64","userId":"11974894229671874343"}}},"source":["def regression(X, alpha, beta):\r\n","    return (np.dot(X[:,:-1], alpha) + beta)\r\n","    y_chap =regression(X, alpha_chap, beta_chap)\r\n"],"execution_count":162,"outputs":[]},{"cell_type":"code","metadata":{"colab":{"base_uri":"https://localhost:8080/"},"id":"ccKP8p9U14aa","executionInfo":{"status":"ok","timestamp":1612712769499,"user_tz":-60,"elapsed":1157,"user":{"displayName":"KHOUDIA MBODJI","photoUrl":"https://lh3.googleusercontent.com/a-/AOh14GjNGP8Ejmbw4bSL5drLQlC8b-O6SskI0bePi43-vwY=s64","userId":"11974894229671874343"}},"outputId":"d5e67e0e-bd48-45ab-d401-bb0514462f06"},"source":["  y_chap"],"execution_count":163,"outputs":[{"output_type":"execute_result","data":{"text/plain":["array([30.00384338, 25.02556238, 30.56759672, 28.60703649, 27.94352423,\n","       25.25628446, 23.00180827, 19.53598843, 11.52363685, 18.92026211,\n","       18.99949651, 21.58679568, 20.90652153, 19.55290281, 19.28348205,\n","       19.29748321, 20.52750979, 16.91140135, 16.17801106, 18.40613603,\n","       12.52385753, 17.67103669, 15.83288129, 13.80628535, 15.67833832,\n","       13.38668561, 15.46397655, 14.70847428, 19.54737285, 20.8764282 ,\n","       11.45511759, 18.05923295,  8.81105736, 14.28275814, 13.70675891,\n","       23.81463526, 22.34193708, 23.10891142, 22.91502612, 31.35762569,\n","       34.21510225, 28.02056414, 25.20386628, 24.60979273, 22.94149176,\n","       22.09669817, 20.42320032, 18.03655088,  9.10655377, 17.20607751,\n","       21.28152535, 23.97222285, 27.6558508 , 24.04901809, 15.3618477 ,\n","       31.15264947, 24.85686978, 33.10919806, 21.77537987, 21.08493555,\n","       17.8725804 , 18.51110208, 23.98742856, 22.55408869, 23.37308644,\n","       30.36148358, 25.53056512, 21.11338564, 17.42153786, 20.78483633,\n","       25.20148859, 21.7426577 , 24.55744957, 24.04295712, 25.50499716,\n","       23.9669302 , 22.94545403, 23.35699818, 21.26198266, 22.42817373,\n","       28.40576968, 26.99486086, 26.03576297, 25.05873482, 24.78456674,\n","       27.79049195, 22.16853423, 25.89276415, 30.67461827, 30.83110623,\n","       27.1190194 , 27.41266734, 28.94122762, 29.08105546, 27.03977365,\n","       28.62459949, 24.72744978, 35.78159518, 35.11454587, 32.25102801,\n","       24.58022019, 25.59413475, 19.79013684, 20.31167129, 21.43482591,\n","       18.53994008, 17.18755992, 20.75049026, 22.64829115, 19.7720367 ,\n","       20.64965864, 26.52586744, 20.77323638, 20.71548315, 25.17208881,\n","       20.43025591, 23.37724626, 23.69043261, 20.33578364, 20.79180873,\n","       21.91632071, 22.47107777, 20.55738556, 16.36661977, 20.56099819,\n","       22.48178446, 14.61706633, 15.17876684, 18.93868592, 14.05573285,\n","       20.03527399, 19.41013402, 20.06191566, 15.75807673, 13.25645238,\n","       17.26277735, 15.87841883, 19.36163954, 13.81483897, 16.44881475,\n","       13.57141932,  3.98885508, 14.59495478, 12.1488148 ,  8.72822362,\n","       12.03585343, 15.82082058,  8.5149902 ,  9.71844139, 14.80451374,\n","       20.83858153, 18.30101169, 20.12282558, 17.28601894, 22.36600228,\n","       20.10375923, 13.62125891, 33.25982697, 29.03017268, 25.56752769,\n","       32.70827666, 36.77467015, 40.55765844, 41.84728168, 24.78867379,\n","       25.37889238, 37.20347455, 23.08748747, 26.40273955, 26.65382114,\n","       22.5551466 , 24.29082812, 22.97657219, 29.07194308, 26.5219434 ,\n","       30.72209056, 25.61669307, 29.13740979, 31.43571968, 32.92231568,\n","       34.72440464, 27.76552111, 33.88787321, 30.99238036, 22.71820008,\n","       24.7664781 , 35.88497226, 33.42476722, 32.41199147, 34.51509949,\n","       30.76109485, 30.28934141, 32.91918714, 32.11260771, 31.55871004,\n","       40.84555721, 36.12770079, 32.6692081 , 34.70469116, 30.09345162,\n","       30.64393906, 29.28719501, 37.07148392, 42.03193124, 43.18949844,\n","       22.69034796, 23.68284712, 17.85447214, 23.49428992, 17.00587718,\n","       22.39251096, 17.06042754, 22.73892921, 25.21942554, 11.11916737,\n","       24.51049148, 26.60334775, 28.35518713, 24.91525464, 29.68652768,\n","       33.18419746, 23.77456656, 32.14051958, 29.7458199 , 38.37102453,\n","       39.81461867, 37.58605755, 32.3995325 , 35.45665242, 31.23411512,\n","       24.48449227, 33.28837292, 38.0481048 , 37.16328631, 31.71383523,\n","       25.26705571, 30.10010745, 32.71987156, 28.42717057, 28.42940678,\n","       27.29375938, 23.74262478, 24.12007891, 27.40208414, 16.3285756 ,\n","       13.39891261, 20.01638775, 19.86184428, 21.2883131 , 24.0798915 ,\n","       24.20633547, 25.04215821, 24.91964007, 29.94563374, 23.97228316,\n","       21.69580887, 37.51109239, 43.30239043, 36.48361421, 34.98988594,\n","       34.81211508, 37.16631331, 40.98928501, 34.44634089, 35.83397547,\n","       28.245743  , 31.22673593, 40.8395575 , 39.31792393, 25.70817905,\n","       22.30295533, 27.20340972, 28.51169472, 35.47676598, 36.10639164,\n","       33.79668274, 35.61085858, 34.83993382, 30.35192656, 35.30980701,\n","       38.79756966, 34.33123186, 40.33963075, 44.67308339, 31.59689086,\n","       27.3565923 , 20.10174154, 27.04206674, 27.2136458 , 26.91395839,\n","       33.43563311, 34.40349633, 31.8333982 , 25.81783237, 24.42982348,\n","       28.45764337, 27.36266999, 19.53928758, 29.11309844, 31.91054611,\n","       30.77159449, 28.94275871, 28.88191022, 32.79887232, 33.20905456,\n","       30.76831792, 35.56226857, 32.70905124, 28.64244237, 23.58965827,\n","       18.54266897, 26.87889843, 23.28133979, 25.54580246, 25.48120057,\n","       20.53909901, 17.61572573, 18.37581686, 24.29070277, 21.32529039,\n","       24.88682244, 24.86937282, 22.86952447, 19.45123791, 25.11783401,\n","       24.66786913, 23.68076177, 19.34089616, 21.17418105, 24.25249073,\n","       21.59260894, 19.98446605, 23.33888   , 22.14060692, 21.55509929,\n","       20.61872907, 20.16097176, 19.28490387, 22.1667232 , 21.24965774,\n","       21.42939305, 30.32788796, 22.04734975, 27.70647912, 28.54794117,\n","       16.54501121, 14.78359641, 25.27380082, 27.54205117, 22.14837562,\n","       20.45944095, 20.54605423, 16.88063827, 25.40253506, 14.32486632,\n","       16.59488462, 19.63704691, 22.71806607, 22.20218887, 19.20548057,\n","       22.66616105, 18.93192618, 18.22846804, 20.23150811, 37.4944739 ,\n","       14.28190734, 15.54286248, 10.83162324, 23.80072902, 32.6440736 ,\n","       34.60684042, 24.94331333, 25.9998091 ,  6.126325  ,  0.77779806,\n","       25.30713064, 17.74061065, 20.23274414, 15.83331301, 16.83512587,\n","       14.36994825, 18.47682833, 13.4276828 , 13.06177512,  3.27918116,\n","        8.06022171,  6.12842196,  5.6186481 ,  6.4519857 , 14.20764735,\n","       17.21225183, 17.29887265,  9.89116643, 20.22124193, 17.94181175,\n","       20.30445783, 19.29559075, 16.33632779,  6.55162319, 10.89016778,\n","       11.88145871, 17.81174507, 18.26126587, 12.97948781,  7.37816361,\n","        8.21115861,  8.06626193, 19.98294786, 13.70756369, 19.85268454,\n","       15.22308298, 16.96071981,  1.71851807, 11.80578387, -4.28131071,\n","        9.58376737, 13.36660811,  6.89562363,  6.14779852, 14.60661794,\n","       19.6000267 , 18.12427476, 18.52177132, 13.1752861 , 14.62617624,\n","        9.92374976, 16.34590647, 14.07519426, 14.25756243, 13.04234787,\n","       18.15955693, 18.69554354, 21.527283  , 17.03141861, 15.96090435,\n","       13.36141611, 14.52079384,  8.81976005,  4.86751102, 13.06591313,\n","       12.70609699, 17.29558059, 18.740485  , 18.05901029, 11.51474683,\n","       11.97400359, 17.68344618, 18.12695239, 17.5183465 , 17.22742507,\n","       16.52271631, 19.41291095, 18.58215236, 22.48944791, 15.28000133,\n","       15.82089335, 12.68725581, 12.8763379 , 17.18668531, 18.51247609,\n","       19.04860533, 20.17208927, 19.7740732 , 22.42940768, 20.31911854,\n","       17.88616253, 14.37478523, 16.94776851, 16.98405762, 18.58838397,\n","       20.16719441, 22.97718032, 22.45580726, 25.57824627, 16.39147632,\n","       16.1114628 , 20.534816  , 11.54272738, 19.20496304, 21.86276391,\n","       23.46878866, 27.09887315, 28.56994302, 21.08398783, 19.45516196,\n","       22.22225914, 19.65591961, 21.32536104, 11.85583717,  8.22386687,\n","        3.66399672, 13.75908538, 15.93118545, 20.62662054, 20.61249414,\n","       16.88541964, 14.01320787, 19.10854144, 21.29805174, 18.45498841,\n","       20.46870847, 23.53334055, 22.37571892, 27.6274261 , 26.12796681,\n","       22.34421229])"]},"metadata":{"tags":[]},"execution_count":163}]},{"cell_type":"code","metadata":{"colab":{"base_uri":"https://localhost:8080/"},"id":"oxIwlndI1UOh","executionInfo":{"status":"ok","timestamp":1612712778276,"user_tz":-60,"elapsed":1409,"user":{"displayName":"KHOUDIA MBODJI","photoUrl":"https://lh3.googleusercontent.com/a-/AOh14GjNGP8Ejmbw4bSL5drLQlC8b-O6SskI0bePi43-vwY=s64","userId":"11974894229671874343"}},"outputId":"2e7e024a-b6f7-4f99-abb5-81e5116c902d"},"source":["#calcul de l'erreur\r\n","def epsilonne(y, ychap):\r\n","    epsilonne = np.sum([np.math.pow((y[i]-ychap[i]),2) for i in range (len(y))])\r\n","    return epsilonne\r\n","epsilonne(y, y_chap)"],"execution_count":164,"outputs":[{"output_type":"execute_result","data":{"text/plain":["11078.784577954977"]},"metadata":{"tags":[]},"execution_count":164}]},{"cell_type":"code","metadata":{"id":"xwnrwP5F5GGB","executionInfo":{"status":"ok","timestamp":1612712779951,"user_tz":-60,"elapsed":1058,"user":{"displayName":"KHOUDIA MBODJI","photoUrl":"https://lh3.googleusercontent.com/a-/AOh14GjNGP8Ejmbw4bSL5drLQlC8b-O6SskI0bePi43-vwY=s64","userId":"11974894229671874343"}}},"source":["#Programmez une fonction ridge_regression(X, Y , lambda) qui renvoie l’estimateur des\r\n","#moindre carrés généralisés. Comparez à nouveau les vecteurs αˆ et βˆ obtenus pour \r\n","#le paramètre lambda = 1 sur le jeu de données Boston avec les attributs coef_ et intercept_ d’un\r\n","#régresseur de type linear_model.Ridge\r\n","\r\n","def ridge_regression(X, y , lambda_):\r\n","  titi= np.linalg.pinv(np.dot(np.transpose(X), X) + np.dot(lambda_, np.eye(X.shape[1])))\r\n","    "],"execution_count":165,"outputs":[]},{"cell_type":"code","metadata":{"colab":{"base_uri":"https://localhost:8080/"},"id":"wwPKmBDU5xZq","executionInfo":{"status":"ok","timestamp":1612712781836,"user_tz":-60,"elapsed":1214,"user":{"displayName":"KHOUDIA MBODJI","photoUrl":"https://lh3.googleusercontent.com/a-/AOh14GjNGP8Ejmbw4bSL5drLQlC8b-O6SskI0bePi43-vwY=s64","userId":"11974894229671874343"}},"outputId":"1ef25789-b104-49f7-dc46-056b6976e9ca"},"source":["titi"],"execution_count":166,"outputs":[{"output_type":"execute_result","data":{"text/plain":["array([[ 4.79667291e-05, -1.74622146e-06,  3.33058300e-06,\n","         6.29163676e-05,  3.32353579e-04,  1.60589501e-05,\n","        -6.44104667e-08,  3.40052584e-05, -2.58500572e-05,\n","         6.50408184e-08,  3.99960618e-06,  4.60269987e-07,\n","        -1.13029256e-05, -4.79507297e-04],\n","       [-1.74622146e-06,  8.36861245e-06,  3.98676259e-06,\n","        -7.75453928e-06,  8.33368670e-05, -3.96939822e-05,\n","         9.71684642e-07, -4.89624081e-05,  4.27993705e-06,\n","        -5.11685476e-07,  2.48176992e-05, -1.86831132e-08,\n","        -1.64268535e-06, -7.27912374e-05],\n","       [ 3.33058300e-06,  3.98676259e-06,  1.67943163e-04,\n","        -2.42364262e-04, -2.75364026e-03,  1.04925166e-04,\n","        -3.97527513e-08,  1.14987074e-04,  5.04398943e-05,\n","        -4.49769287e-06, -4.64149258e-05,  2.43976935e-07,\n","        -1.05525682e-05,  7.81007312e-04],\n","       [ 6.29163676e-05, -7.75453928e-06, -2.42364262e-04,\n","         3.29658256e-02, -4.90317797e-03, -4.98480956e-04,\n","        -2.56627859e-05,  1.20331081e-04, -2.73145702e-04,\n","         1.74383419e-05,  4.68840845e-04, -5.27318555e-06,\n","         1.15327313e-04, -5.30636011e-03],\n","       [ 3.32353579e-04,  8.33368670e-05, -2.75364026e-03,\n","        -4.90317797e-03,  6.47949909e-01,  6.62608200e-03,\n","        -5.94124576e-04,  9.53889054e-03, -1.59989671e-03,\n","        -4.75854409e-05,  7.31483621e-03,  3.41113655e-05,\n","        -5.91605940e-04, -4.72633728e-01],\n","       [ 1.60589501e-05, -3.96939822e-05,  1.04925166e-04,\n","        -4.98480956e-04,  6.62608200e-03,  7.75657890e-03,\n","        -5.06941561e-05,  4.94416767e-04, -1.94649180e-04,\n","         5.18444533e-06,  3.87223280e-04,  5.22111421e-06,\n","         5.03507223e-04, -6.72009691e-02],\n","       [-6.44104667e-08,  9.71684642e-07, -3.97527513e-08,\n","        -2.56627859e-05, -5.94124576e-04, -5.06941561e-05,\n","         7.74933231e-06,  3.40849783e-05,  2.95027780e-06,\n","        -6.60690922e-08, -6.00107894e-06, -1.00416035e-07,\n","        -1.01485345e-05,  2.52574657e-04],\n","       [ 3.40052584e-05, -4.89624081e-05,  1.14987074e-04,\n","         1.20331081e-04,  9.53889054e-03,  4.94416767e-04,\n","         3.40849783e-05,  1.76669543e-03,  9.31684161e-06,\n","        -6.48448410e-07, -1.08481101e-04,  5.22530772e-07,\n","        -1.72708291e-05, -1.60858766e-02],\n","       [-2.58500572e-05,  4.27993705e-06,  5.04398943e-05,\n","        -2.73145702e-04, -1.59989671e-03, -1.94649180e-04,\n","         2.95027780e-06,  9.31684161e-06,  1.95482659e-04,\n","        -8.73062968e-06, -7.28225351e-05,  5.72701318e-07,\n","        -5.32726251e-06,  4.27955175e-03],\n","       [ 6.50408184e-08, -5.11685476e-07, -4.49769287e-06,\n","         1.74383419e-05, -4.75854409e-05,  5.18444533e-06,\n","        -6.60690922e-08, -6.48448410e-07, -8.73062968e-06,\n","         6.28018720e-07, -1.64870398e-06,  1.19525194e-08,\n","         1.29775169e-07, -9.32179147e-05],\n","       [ 3.99960618e-06,  2.48176992e-05, -4.64149258e-05,\n","         4.68840845e-04,  7.31483621e-03,  3.87223280e-04,\n","        -6.00107894e-06, -1.08481101e-04, -7.28225351e-05,\n","        -1.64870398e-06,  7.60091944e-04, -5.23477904e-07,\n","        -1.33811660e-05, -1.77832398e-02],\n","       [ 4.60269987e-07, -1.86831132e-08,  2.43976935e-07,\n","        -5.27318555e-06,  3.41113655e-05,  5.22111421e-06,\n","        -1.00416035e-07,  5.22530772e-07,  5.72701318e-07,\n","         1.19525194e-08, -5.23477904e-07,  3.20386099e-07,\n","         9.37956817e-07, -1.77463251e-04],\n","       [-1.13029256e-05, -1.64268535e-06, -1.05525682e-05,\n","         1.15327313e-04, -5.91605940e-04,  5.03507223e-04,\n","        -1.01485345e-05, -1.72708291e-05, -5.32726251e-06,\n","         1.29775169e-07, -1.33811660e-05,  9.37956817e-07,\n","         1.14222223e-04, -3.44062107e-03],\n","       [-4.79507297e-04, -7.27912374e-05,  7.81007312e-04,\n","        -5.30636011e-03, -4.72633728e-01, -6.72009691e-02,\n","         2.52574657e-04, -1.60858766e-02,  4.27955175e-03,\n","        -9.32179147e-05, -1.77832398e-02, -1.77463251e-04,\n","        -3.44062107e-03,  1.15665067e+00]])"]},"metadata":{"tags":[]},"execution_count":166}]},{"cell_type":"code","metadata":{"id":"rNkJWvXn5kmM","executionInfo":{"status":"ok","timestamp":1612712791107,"user_tz":-60,"elapsed":2521,"user":{"displayName":"KHOUDIA MBODJI","photoUrl":"https://lh3.googleusercontent.com/a-/AOh14GjNGP8Ejmbw4bSL5drLQlC8b-O6SskI0bePi43-vwY=s64","userId":"11974894229671874343"}}},"source":["mama = np.dot(np.transpose(X), y)\r\n","    "],"execution_count":167,"outputs":[]},{"cell_type":"code","metadata":{"colab":{"base_uri":"https://localhost:8080/"},"id":"ml_a4B1Y6IOQ","executionInfo":{"status":"ok","timestamp":1612712792513,"user_tz":-60,"elapsed":1588,"user":{"displayName":"KHOUDIA MBODJI","photoUrl":"https://lh3.googleusercontent.com/a-/AOh14GjNGP8Ejmbw4bSL5drLQlC8b-O6SskI0bePi43-vwY=s64","userId":"11974894229671874343"}},"outputId":"7070df4f-e6a3-46e6-f2c3-0d834946fe75"},"source":["mama"],"execution_count":168,"outputs":[{"output_type":"execute_result","data":{"text/plain":["array([2.56871037e+04, 1.68607800e+05, 1.11564080e+05, 9.95400000e+02,\n","       6.09442791e+03, 7.39240776e+04, 7.32581140e+05, 4.57138742e+04,\n","       9.34451000e+04, 4.28779760e+06, 2.05316730e+05, 4.20804950e+06,\n","       1.19799159e+05, 1.14016000e+04])"]},"metadata":{"tags":[]},"execution_count":168}]},{"cell_type":"code","metadata":{"id":"BZbrzkYZ6G7C","executionInfo":{"status":"ok","timestamp":1612712796256,"user_tz":-60,"elapsed":2809,"user":{"displayName":"KHOUDIA MBODJI","photoUrl":"https://lh3.googleusercontent.com/a-/AOh14GjNGP8Ejmbw4bSL5drLQlC8b-O6SskI0bePi43-vwY=s64","userId":"11974894229671874343"}}},"source":["emco = np.dot(titi,mama)\r\n","    \r\n","    "],"execution_count":169,"outputs":[]},{"cell_type":"code","metadata":{"colab":{"base_uri":"https://localhost:8080/"},"id":"TRDICV8O6PWV","executionInfo":{"status":"ok","timestamp":1612712801289,"user_tz":-60,"elapsed":1359,"user":{"displayName":"KHOUDIA MBODJI","photoUrl":"https://lh3.googleusercontent.com/a-/AOh14GjNGP8Ejmbw4bSL5drLQlC8b-O6SskI0bePi43-vwY=s64","userId":"11974894229671874343"}},"outputId":"dc922009-ef58-4d06-fff8-1ebfea48efd1"},"source":["emco"],"execution_count":170,"outputs":[{"output_type":"execute_result","data":{"text/plain":["array([-1.08011358e-01,  4.64204584e-02,  2.05586264e-02,  2.68673382e+00,\n","       -1.77666112e+01,  3.80986521e+00,  6.92224640e-04, -1.47556685e+00,\n","        3.06049479e-01, -1.23345939e-02, -9.52747232e-01,  9.31168327e-03,\n","       -5.24758378e-01,  3.64594884e+01])"]},"metadata":{"tags":[]},"execution_count":170}]},{"cell_type":"code","metadata":{"id":"fi0AC2VVGZH9","executionInfo":{"status":"ok","timestamp":1612712803261,"user_tz":-60,"elapsed":1272,"user":{"displayName":"KHOUDIA MBODJI","photoUrl":"https://lh3.googleusercontent.com/a-/AOh14GjNGP8Ejmbw4bSL5drLQlC8b-O6SskI0bePi43-vwY=s64","userId":"11974894229671874343"}}},"source":["#calcul de alpha et beta\r\n","alpha_chap = emco[:-1]\r\n","beta_chap = emco[-1]"],"execution_count":171,"outputs":[]},{"cell_type":"code","metadata":{"colab":{"base_uri":"https://localhost:8080/"},"id":"wkaTcztnGlRT","executionInfo":{"status":"ok","timestamp":1612712805124,"user_tz":-60,"elapsed":1055,"user":{"displayName":"KHOUDIA MBODJI","photoUrl":"https://lh3.googleusercontent.com/a-/AOh14GjNGP8Ejmbw4bSL5drLQlC8b-O6SskI0bePi43-vwY=s64","userId":"11974894229671874343"}},"outputId":"35c54c35-e7ce-43ca-9d3c-3d2b60ac40d2"},"source":["alpha_chap"],"execution_count":172,"outputs":[{"output_type":"execute_result","data":{"text/plain":["array([-1.08011358e-01,  4.64204584e-02,  2.05586264e-02,  2.68673382e+00,\n","       -1.77666112e+01,  3.80986521e+00,  6.92224640e-04, -1.47556685e+00,\n","        3.06049479e-01, -1.23345939e-02, -9.52747232e-01,  9.31168327e-03,\n","       -5.24758378e-01])"]},"metadata":{"tags":[]},"execution_count":172}]},{"cell_type":"code","metadata":{"colab":{"base_uri":"https://localhost:8080/"},"id":"Ixn11RhTGntv","executionInfo":{"status":"ok","timestamp":1612712813049,"user_tz":-60,"elapsed":1232,"user":{"displayName":"KHOUDIA MBODJI","photoUrl":"https://lh3.googleusercontent.com/a-/AOh14GjNGP8Ejmbw4bSL5drLQlC8b-O6SskI0bePi43-vwY=s64","userId":"11974894229671874343"}},"outputId":"4a6507f3-2fdc-45c6-d779-01cc035dd1d5"},"source":["beta_chap"],"execution_count":173,"outputs":[{"output_type":"execute_result","data":{"text/plain":["36.45948838510776"]},"metadata":{"tags":[]},"execution_count":173}]},{"cell_type":"code","metadata":{"colab":{"base_uri":"https://localhost:8080/"},"id":"MHDbl8iM6Xw1","executionInfo":{"status":"ok","timestamp":1612712814944,"user_tz":-60,"elapsed":1195,"user":{"displayName":"KHOUDIA MBODJI","photoUrl":"https://lh3.googleusercontent.com/a-/AOh14GjNGP8Ejmbw4bSL5drLQlC8b-O6SskI0bePi43-vwY=s64","userId":"11974894229671874343"}},"outputId":"3cb84f40-7df5-47a0-b8b7-2470d42ff9d7"},"source":["from sklearn.linear_model import Ridge\r\n","lin_Ridge=Ridge\r\n","lin_ridge.fit(X,y)\r\n"],"execution_count":174,"outputs":[{"output_type":"execute_result","data":{"text/plain":["Ridge(alpha=1.0, copy_X=True, fit_intercept=True, max_iter=None,\n","      normalize=False, random_state=None, solver='auto', tol=0.001)"]},"metadata":{"tags":[]},"execution_count":174}]},{"cell_type":"code","metadata":{"colab":{"base_uri":"https://localhost:8080/"},"id":"TR6X4rOp6zEk","executionInfo":{"status":"ok","timestamp":1612712817167,"user_tz":-60,"elapsed":1490,"user":{"displayName":"KHOUDIA MBODJI","photoUrl":"https://lh3.googleusercontent.com/a-/AOh14GjNGP8Ejmbw4bSL5drLQlC8b-O6SskI0bePi43-vwY=s64","userId":"11974894229671874343"}},"outputId":"f3983e3f-6f58-4270-d85f-6d09fb94104b"},"source":["print(f'alpha_chap : {alpha_chap}\\n-----------------------------------------------------------------------------------\\n')\r\n"],"execution_count":175,"outputs":[{"output_type":"stream","text":["alpha_chap : [-1.08011358e-01  4.64204584e-02  2.05586264e-02  2.68673382e+00\n"," -1.77666112e+01  3.80986521e+00  6.92224640e-04 -1.47556685e+00\n","  3.06049479e-01 -1.23345939e-02 -9.52747232e-01  9.31168327e-03\n"," -5.24758378e-01]\n","-----------------------------------------------------------------------------------\n","\n"],"name":"stdout"}]},{"cell_type":"code","metadata":{"colab":{"base_uri":"https://localhost:8080/"},"id":"R54dDpe49KLl","executionInfo":{"status":"ok","timestamp":1612712822616,"user_tz":-60,"elapsed":1259,"user":{"displayName":"KHOUDIA MBODJI","photoUrl":"https://lh3.googleusercontent.com/a-/AOh14GjNGP8Ejmbw4bSL5drLQlC8b-O6SskI0bePi43-vwY=s64","userId":"11974894229671874343"}},"outputId":"7a8357b6-b788-47f4-aff1-f57eaa549c80"},"source":["print(f'beta_chap : {beta_chap}\\n-----------------------------------------------------------------------------------\\n')\r\n"],"execution_count":176,"outputs":[{"output_type":"stream","text":["beta_chap : 36.45948838510776\n","-----------------------------------------------------------------------------------\n",